Ind	Pop	aest01_1	aest06_1	aest07_1	aest10_1	aest15_1	aest18_1	aest24_1	aest25_1	aest26_1	aest28_1	aest29_1	aest31_1	aest35_1	aest36_1
ALD1	ALD	242	234	261	295	312	140	298	128	145	356	211	308	148	326
ALD11	ALD	242	236	261	295	312	140	298	128	145	356	211	308	148	326
ALD12	ALD	242	234	261	295	312	140	0	128	145	356	211	308	148	326
ALD13	ALD	242	234	261	295	312	140	298	128	142	356	211	308	148	326
ALD14	ALD	242	218	261	290	312	164	298	128	142	353	211	308	148	326
ALD17	ALD	236	224	256	280	312	164	298	128	142	392	216	308	148	326
ALD23	ALD	248	236	256	280	312	164	298	128	142	353	211	318	148	322
ALD27	ALD	242	218	261	290	312	164	298	128	142	353	211	308	140	326
ALD32	ALD	0	234	261	295	312	140	298	128	145	356	211	308	148	326
ALD35	ALD	242	234	261	295	312	140	298	128	145	356	211	308	144	326
ALD46	ALD	0	234	261	295	312	140	298	128	142	356	211	308	148	326
ALD52	ALD	242	234	261	295	312	164	298	128	142	356	216	318	144	326
ALD56	ALD	0	234	261	295	312	140	298	128	145	353	211	0	148	326
ALD57	ALD	236	234	261	280	312	144	0	128	145	356	216	308	148	326
ALD58	ALD	0	218	261	295	312	140	0	128	157	356	211	0	148	326
ALD59	ALD	236	234	261	295	312	140	292	128	145	356	211	308	148	326
ALD60	ALD	236	234	261	295	312	140	298	128	145	356	211	308	148	326
ALD61	ALD	242	234	261	295	312	140	298	128	145	356	211	0	148	326
ALD64	ALD	236	230	261	295	312	140	298	128	145	356	211	308	148	326
ALD68	ALD	0	234	261	295	312	140	298	128	142	356	211	0	148	326
ALD69	ALD	236	234	261	295	312	140	298	128	145	356	211	0	148	326
BARB1	BAR	0	218	261	290	312	160	298	131	157	347	204	318	152	322
BARB2	BAR	242	218	261	295	312	144	298	131	157	383	211	313	152	322
BOHBU1	BOB	242	218	256	280	312	140	298	128	145	389	216	313	148	326
BOHBU10	BOB	236	218	256	280	312	140	298	128	145	389	216	313	148	326
BOHBU100	BOB	242	236	261	280	312	160	298	128	157	356	211	318	148	322
BOHBU101	BOB	236	218	256	280	312	140	322	128	145	0	216	0	148	326
BOHBU102	BOB	242	218	256	280	312	140	298	128	145	389	216	318	148	326
BOHBU103	BOB	236	236	261	295	312	164	298	128	178	356	211	318	148	322
BOHBU104	BOB	236	236	261	295	312	164	298	128	157	356	211	313	148	326
BOHBU106	BOB	0	236	261	280	312	164	298	122	157	356	211	318	148	326
BOHBU107	BOB	242	218	261	280	312	140	298	122	145	383	211	308	148	326
BOHBU108	BOB	242	218	261	295	312	140	292	128	145	389	216	313	148	326
BOHBU111	BOB	0	218	261	280	312	140	298	128	145	0	216	0	148	326
BOHBU113	BOB	236	218	256	280	312	140	298	128	145	389	216	318	148	326
BOHBU114	BOB	0	218	256	280	312	140	298	128	145	0	216	308	148	326
BOHBU116	BOB	242	218	261	280	312	160	301	122	157	383	211	308	148	326
BOHBU117	BOB	242	218	256	280	312	140	298	128	145	383	216	308	148	326
BOHBU118	BOB	242	218	261	320	312	140	298	122	145	0	216	313	148	326
BOHBU119	BOB	254	236	256	280	312	140	298	122	154	392	211	313	148	322
BOHBU120	BOB	236	218	256	295	312	140	0	128	178	383	216	0	148	322
BOHBU121	BOB	242	218	256	280	312	140	298	128	142	356	216	313	148	326
BOHBU122	BOB	236	218	256	295	312	140	298	128	145	389	216	313	148	326
BOHBU123	BOB	236	236	261	295	312	164	298	128	178	356	211	0	148	322
BOHBU124	BOB	236	218	256	280	312	140	298	128	142	383	216	308	148	326
BOHBU125	BOB	242	218	256	280	312	160	298	128	145	356	211	318	148	322
BOHBU126	BOB	242	218	256	280	312	140	298	128	145	383	216	313	148	326
BOHBU127	BOB	236	218	261	295	312	140	292	128	145	389	216	313	148	326
BOHBU128	BOB	242	218	256	280	312	140	295	122	142	383	216	313	148	326
BOHBU129	BOB	0	218	256	280	312	140	298	128	142	383	216	313	148	326
BOHBU130	BOB	0	218	256	295	312	140	298	128	145	389	216	280	148	326
BOHBU131	BOB	242	236	256	280	312	140	298	122	157	392	211	318	148	326
BOHBU133	BOB	242	218	261	280	312	140	298	128	145	389	216	313	148	326
BOHBU134	BOB	0	218	311	280	312	140	298	128	145	0	216	0	148	322
BOHBU135	BOB	236	218	261	280	312	160	295	128	157	383	211	308	152	322
BOHBU137	BOB	242	218	261	280	312	140	298	128	145	389	216	315	148	326
BOHBU139	BOB	242	218	261	280	312	160	301	122	157	383	216	308	148	322
BOHBU14	BOB	242	218	256	280	312	140	298	128	145	392	216	313	148	326
BOHBU140	BOB	242	218	261	280	312	140	298	122	145	383	216	315	148	326
BOHBU141	BOB	242	218	256	280	312	160	301	122	157	356	216	308	148	326
BOHBU142	BOB	236	218	256	280	312	140	298	128	145	389	216	315	148	326
BOHBU143	BOB	242	218	256	280	312	140	298	128	145	389	216	315	148	326
BOHBU144	BOB	242	236	256	280	312	160	298	122	157	389	211	315	148	326
BOHBU145	BOB	236	218	256	295	312	140	298	128	145	389	216	318	148	326
BOHBU148	BOB	242	236	261	280	312	160	298	122	141	383	211	308	148	322
BOHBU149	BOB	242	218	256	280	312	140	298	128	145	383	216	315	148	326
BOHBU150	BOB	242	218	261	280	312	160	298	122	157	383	211	308	148	326
BOHBU151	BOB	242	218	256	280	312	140	298	128	145	359	216	318	148	326
BOHBU160	BOB	242	218	261	295	312	140	292	128	145	389	216	315	148	326
BOHBU162	BOB	242	218	261	280	312	140	298	122	145	389	216	315	148	326
BOHBU166	BOB	242	236	261	280	312	160	298	122	157	356	211	318	148	322
BOHBU173	BOB	0	218	256	280	312	140	298	128	145	389	216	0	148	326
BOHBU179	BOB	254	218	256	280	312	140	298	128	145	383	216	313	148	326
BOHBU180	BOB	242	218	256	280	312	140	298	122	157	383	216	308	148	322
BOHBU184	BOB	0	218	256	280	312	140	298	122	157	383	216	308	148	322
BOHBU190	BOB	236	218	256	280	312	140	298	122	145	338	216	318	148	326
BOHBU198	BOB	242	218	256	295	312	140	292	128	145	383	216	313	148	326
BOHBU20	BOB	0	218	256	280	312	140	298	128	145	389	216	313	148	326
BOHBU208	BOB	236	236	261	295	312	140	298	128	178	389	211	308	148	326
BOHBU213	BOB	236	0	256	280	312	140	298	128	145	389	216	318	148	326
BOHBU216	BOB	242	236	256	280	312	164	298	122	157	356	211	318	148	326
BOHBU217	BOB	236	218	256	295	312	140	298	128	145	389	216	318	148	0
BOHBU226	BOB	242	218	261	280	312	140	298	122	145	383	216	308	148	326
BOHBU228	BOB	242	218	261	280	312	140	298	122	145	389	216	313	148	326
BOHBU236	BOB	236	236	261	295	312	140	298	128	178	383	211	308	148	322
BOHBU248	BOB	236	218	261	280	312	140	298	128	145	338	216	318	148	326
BOHBU253	BOB	242	236	261	280	312	160	301	122	157	383	211	308	148	326
BOHBU254	BOB	242	236	261	280	312	160	298	122	157	356	211	318	148	326
BOHBU255	BOB	254	236	261	295	312	164	298	128	178	356	211	313	148	322
BOHBU257	BOB	242	217	256	280	312	160	301	122	157	356	216	308	148	326
BOHBU259	BOB	242	217	261	280	312	160	301	122	157	383	211	308	148	326
BOHBU260	BOB	242	236	256	280	312	160	298	122	157	389	211	313	148	326
BOHBU27	BOB	242	218	261	280	312	140	298	128	145	383	211	308	148	326
BOHBU28	BOB	236	218	256	280	312	140	298	128	145	389	216	308	148	326
BOHBU295	BOB	242	218	261	280	312	140	298	122	178	383	211	308	148	326
BOHBU296	BOB	242	236	256	280	312	160	298	122	157	356	211	313	148	326
BOHBU30	BOB	236	218	261	295	312	140	298	128	142	359	216	313	148	326
BOHBU300	BOB	242	236	256	280	312	160	298	122	142	356	211	308	148	326
BOHBU309	BOB	242	236	261	280	312	160	298	122	157	383	211	308	148	326
BOHBU310	BOB	242	218	256	280	312	140	298	122	145	338	211	318	148	326
BOHBU312	BOB	254	236	256	280	312	144	298	122	145	380	221	313	148	322
BOHBU313	BOB	242	218	261	280	312	164	298	128	157	356	231	313	148	326
BOHBU314	BOB	254	230	266	294	317	136	304	137	157	401	204	313	152	326
BOHBU328	BOB	236	218	256	280	312	140	298	128	145	383	216	313	148	326
BOHBU332	BOB	242	218	256	280	312	160	298	128	145	353	216	308	148	326
BOHBU340	BOB	236	218	261	295	312	140	298	128	178	404	216	308	148	326
BOHBU343	BOB	242	236	256	280	312	160	298	122	157	356	211	318	148	326
BOHBU347	BOB	242	218	256	280	312	140	298	128	145	383	216	313	148	322
BOHBU35	BOB	0	236	261	288	312	144	298	128	178	383	241	308	148	322
BOHBU356	BOB	0	218	256	280	312	140	298	128	145	383	216	313	148	326
BOHBU358	BOB	236	218	256	295	312	140	292	128	145	383	216	308	148	326
BOHBU36	BOB	242	218	256	280	312	140	298	0	157	389	216	313	148	326
BOHBU360	BOB	242	218	256	280	312	160	298	122	157	383	211	308	148	326
BOHBU361	BOB	242	217	261	280	312	160	298	122	157	383	211	308	148	326
BOHBU362	BOB	254	236	261	280	312	164	298	122	142	392	211	313	148	322
BOHBU363	BOB	242	218	261	280	312	160	301	122	157	338	211	308	148	326
BOHBU37	BOB	242	218	256	280	312	164	298	122	157	389	211	318	148	326
BOHBU370	BOB	242	236	261	280	312	164	298	122	157	356	211	318	148	326
BOHBU373	BOB	254	236	256	280	312	160	298	122	157	383	211	308	148	326
BOHBU377	BOB	242	218	256	280	312	160	298	128	142	389	211	308	148	326
BOHBU38	BOB	236	218	256	280	312	140	0	128	145	389	216	313	148	322
BOHBU380	BOB	254	236	261	280	312	160	298	128	142	389	211	308	148	322
BOHBU382	BOB	242	218	261	280	312	160	295	128	157	383	211	308	148	326
BOHBU39	BOB	242	218	256	295	312	164	298	128	157	383	216	308	148	326
BOHBU398	BOB	254	218	261	280	312	160	298	122	157	383	211	308	148	326
BOHBU404	BOB	242	236	256	280	312	164	301	128	157	356	216	318	148	326
BOHBU41	BOB	242	218	256	280	312	140	298	128	145	359	216	308	148	326
BOHBU414	BOB	236	218	256	280	312	140	292	128	145	389	216	313	148	326
BOHBU415	BOB	242	236	256	280	312	160	298	128	142	356	211	318	148	326
BOHBU416	BOB	236	218	261	280	312	164	298	122	157	383	211	308	148	326
BOHBU417	BOB	236	236	261	295	312	140	298	128	178	383	211	308	148	326
BOHBU42	BOB	242	218	256	280	312	140	298	128	145	356	216	313	148	326
BOHBU431	BOB	242	236	261	280	312	164	298	122	157	389	211	313	148	326
BOHBU434	BOB	236	218	261	280	312	140	298	128	145	392	216	318	148	326
BOHBU437	BOB	236	218	261	280	312	140	298	128	145	383	216	308	148	326
BOHBU440	BOB	242	218	256	280	312	140	298	128	157	389	216	313	148	326
BOHBU451	BOB	236	218	256	280	312	140	298	128	145	392	216	318	148	326
BOHBU452	BOB	242	218	256	280	312	160	298	122	157	383	216	313	148	326
BOHBU454	BOB	242	218	256	280	312	140	298	128	145	389	216	0	148	326
BOHBU455	BOB	242	217	261	280	312	160	301	122	157	338	216	318	148	326
BOHBU461	BOB	242	236	261	280	312	160	298	128	157	356	211	313	148	326
BOHBU465	BOB	236	218	256	280	312	140	298	128	157	389	216	318	148	326
BOHBU468	BOB	242	218	261	295	312	160	292	128	145	383	216	308	148	326
BOHBU47	BOB	0	218	256	0	312	140	298	128	145	383	216	313	148	326
BOHBU48	BOB	0	218	256	280	312	140	298	128	145	0	216	0	148	326
BOHBU482	BOB	242	218	256	280	312	144	298	128	157	389	216	313	148	326
BOHBU485	BOB	242	236	261	280	312	160	298	128	157	383	211	308	148	322
BOHBU488	BOB	0	218	256	280	312	140	298	128	145	383	216	0	148	326
BOHBU489	BOB	0	218	261	280	312	140	295	128	145	383	216	0	148	326
BOHBU494	BOB	242	218	261	280	312	164	298	122	157	356	211	308	148	326
BOHBU495	BOB	242	218	256	280	312	160	301	122	157	383	211	308	148	326
BOHBU5	BOB	242	218	256	280	312	164	298	122	157	356	211	313	148	326
BOHBU50	BOB	0	218	256	280	312	140	298	128	145	389	216	318	148	326
BOHBU505	BOB	0	218	256	295	312	140	292	128	145	389	216	313	148	326
BOHBU506	BOB	0	218	256	280	312	144	298	128	157	389	216	313	148	326
BOHBU509	BOB	242	218	261	280	312	140	298	128	145	383	211	313	148	326
BOHBU525	BOB	0	236	261	280	312	160	298	122	142	356	211	0	148	326
BOHBU527	BOB	236	218	256	280	312	140	298	128	145	383	216	315	148	326
BOHBU534	BOB	254	218	261	280	312	160	298	122	141	383	211	308	148	326
BOHBU538	BOB	254	218	261	280	312	140	298	128	157	392	211	313	148	322
BOHBU539	BOB	254	236	261	295	312	164	298	128	157	356	211	315	148	322
BOHBU54	BOB	236	218	261	295	312	144	298	128	178	383	211	308	148	326
BOHBU543	BOB	242	236	256	280	312	160	298	122	141	356	211	308	148	326
BOHBU545	BOB	242	218	256	280	312	160	298	122	157	339	211	318	148	326
BOHBU553	BOB	242	218	261	280	312	160	298	122	157	383	216	308	148	326
BOHBU57	BOB	242	218	256	280	312	160	301	122	157	383	216	308	148	326
BOHBU58	BOB	254	218	256	320	312	164	319	128	145	0	216	308	148	326
BOHBU59	BOB	0	218	256	280	312	0	298	128	145	389	216	313	148	326
BOHBU6	BOB	242	218	261	280	312	160	301	122	157	356	211	308	148	326
BOHBU60	BOB	242	218	256	280	312	164	301	128	157	356	216	308	148	326
BOHBU62	BOB	254	236	256	280	312	160	298	128	157	0	211	318	148	322
BOHBU63	BOB	242	236	261	280	312	160	298	128	157	383	211	308	148	326
BOHBU64	BOB	242	236	261	280	312	160	298	122	157	356	211	313	148	322
BOHBU65	BOB	254	236	261	280	312	160	298	128	178	356	211	313	148	322
BOHBU66	BOB	254	218	261	280	312	160	298	122	157	356	211	318	148	326
BOHBU67	BOB	236	218	256	280	312	140	298	128	145	383	216	318	148	326
BOHBU68	BOB	254	218	261	280	312	164	298	122	142	392	211	313	140	322
BOHBU69	BOB	242	236	261	288	312	144	298	128	178	383	211	308	148	326
BOHBU70	BOB	242	218	256	280	312	140	298	128	142	389	216	313	148	326
BOHBU73	BOB	236	218	256	280	312	140	298	128	145	383	216	0	148	326
BOHBU75	BOB	0	218	256	280	312	140	0	0	145	389	216	318	148	326
BOHBU76	BOB	242	218	256	280	312	140	292	128	157	383	216	308	144	326
BOHBU77	BOB	254	218	261	295	312	160	298	128	157	356	216	308	148	326
BOHBU79	BOB	236	218	256	280	312	140	298	122	145	389	216	313	148	326
BOHBU83	BOB	236	218	256	295	312	164	292	128	157	383	211	313	148	326
BOHBU84	BOB	0	218	261	280	312	140	298	128	145	389	211	318	148	326
BOHBU85	BOB	242	218	256	280	312	140	298	122	145	389	216	313	148	326
BOHBU89	BOB	0	218	256	299	312	140	298	128	145	389	216	318	148	326
BOHBU90	BOB	242	218	261	280	312	140	298	122	142	389	211	308	148	326
BOHBU91	BOB	242	218	256	280	312	140	298	122	142	383	216	308	148	326
BOHBU92	BOB	242	218	256	280	312	160	298	122	157	383	211	308	148	322
BOHBU93	BOB	0	236	256	280	312	160	298	122	157	0	231	318	148	326
BOHBU94	BOB	0	218	261	280	312	140	298	128	145	389	216	318	148	326
BOHBU96	BOB	242	218	256	280	312	160	298	128	157	338	211	308	148	326
BOHBU99	BOB	242	218	261	280	312	160	301	122	157	383	211	308	144	326
BOHHAS1	BOH	242	218	256	280	312	140	298	128	145	389	216	313	148	326
BOHHAS10	BOH	236	218	261	280	312	144	298	128	157	389	216	318	148	326
BOHHAS11	BOH	236	218	256	295	312	144	298	128	142	389	216	318	148	326
BOHHAS12	BOH	242	218	256	295	312	160	298	128	157	356	216	308	148	326
BOHHAS13	BOH	0	218	261	280	312	144	298	128	157	389	216	318	148	326
BOHHAS14	BOH	236	218	261	280	312	144	298	128	157	356	216	318	148	326
BOHHAS15	BOH	236	218	261	295	312	144	298	128	157	389	216	313	148	326
BOHHAS16	BOH	242	236	261	280	312	144	298	128	178	383	211	308	148	322
BOHHAS17	BOH	236	218	261	280	312	144	298	128	157	389	216	313	148	326
BOHHAS18	BOH	236	218	261	280	312	140	298	128	178	389	216	318	148	326
BOHHAS19	BOH	254	218	261	280	312	144	298	128	157	389	216	318	148	326
BOHHAS2	BOH	242	218	261	280	312	140	298	128	178	383	216	313	148	326
BOHHAS21	BOH	236	218	261	280	312	144	298	128	157	389	216	0	148	326
BOHHAS23	BOH	0	236	256	280	312	144	298	122	178	389	0	0	148	326
BOHHAS24	BOH	236	218	261	280	312	140	298	128	157	389	216	318	148	322
BOHHAS25	BOH	236	218	261	295	312	144	298	128	157	389	216	318	148	326
BOHHAS26	BOH	242	218	261	280	312	144	298	128	157	389	216	318	128	322
BOHHAS28	BOH	0	218	261	0	312	144	0	128	157	389	216	313	148	326
BOHHAS29	BOH	0	236	256	295	312	0	298	122	142	383	211	318	148	322
BOHHAS30	BOH	242	236	256	295	312	144	298	128	178	383	211	308	148	326
BOHHAS31	BOH	242	236	256	295	312	144	298	128	178	383	241	308	148	322
BOHHAS33	BOH	0	218	256	325	312	144	0	128	157	389	216	318	148	326
BOHHAS36	BOH	236	218	256	280	312	144	298	128	157	389	216	318	148	326
BOHHAS37	BOH	236	218	261	280	312	144	298	128	157	389	216	318	148	322
BOHHAS39	BOH	236	218	261	280	312	140	298	128	142	389	216	318	140	322
BOHHAS4	BOH	236	218	261	280	312	144	298	128	157	0	216	313	148	326
BOHHAS40	BOH	0	218	261	280	312	144	298	128	178	389	216	313	148	326
BOHHAS41	BOH	236	218	256	295	312	144	298	128	145	383	216	318	148	326
BOHHAS43	BOH	236	218	256	280	312	144	298	128	142	389	216	318	148	326
BOHHAS44	BOH	0	218	261	295	312	140	298	128	178	0	216	318	148	322
BOHHAS45	BOH	242	218	261	280	312	144	298	128	157	383	216	308	128	326
BOHHAS46	BOH	236	218	261	280	312	144	298	128	157	389	211	308	128	326
BOHHAS53	BOH	236	218	256	295	312	140	298	128	157	389	216	318	148	326
BOHHAS54	BOH	0	218	261	280	312	144	298	128	157	0	216	0	148	326
BOHHAS56	BOH	0	218	256	295	312	160	0	137	178	389	211	0	148	322
BOHHAS6	BOH	236	224	261	280	312	144	298	128	157	389	216	318	128	326
BOHHAS7	BOH	236	218	256	295	312	144	298	128	157	389	216	318	148	326
BOHHAS8	BOH	236	218	256	295	312	144	298	128	145	353	216	313	148	326
BUR1	BUR	260	218	256	299	322	160	313	137	157	353	209	318	164	350
BUR10	BUR	260	218	276	299	322	160	313	137	157	353	209	318	164	322
BUR100	BUR	0	217	276	299	322	160	313	137	157	353	209	0	164	322
BUR102	BUR	260	212	256	299	322	160	313	140	157	359	209	308	164	350
BUR103	BUR	0	217	276	299	322	160	313	137	157	353	209	318	164	322
BUR104	BUR	260	217	276	299	322	160	313	137	157	353	209	318	164	322
BUR130	BUR	0	217	276	299	322	160	0	137	157	353	209	0	164	322
BUR144	BUR	0	218	261	290	312	160	295	122	145	356	216	0	148	322
BUR15	BUR	236	218	276	299	322	160	313	137	157	353	209	318	164	322
BUR150	BUR	260	212	256	299	322	160	313	140	157	359	209	0	164	350
BUR162	BUR	0	212	256	299	322	160	313	140	157	359	209	308	0	0
BUR170	BUR	242	218	256	295	312	144	298	128	0	491	216	318	148	326
BUR179	BUR	0	212	256	299	322	160	313	140	157	359	209	308	164	350
BUR18	BUR	0	218	276	299	322	160	313	137	157	353	209	318	164	322
BUR187	BUR	0	212	256	299	322	160	313	140	157	359	209	0	164	350
BUR19	BUR	260	218	276	299	322	160	313	140	157	353	209	318	164	322
BUR198	BUR	0	217	276	0	322	160	0	137	157	353	209	0	164	322
BUR2	BUR	260	218	256	299	322	160	313	137	157	353	209	308	164	350
BUR20	BUR	0	218	276	299	322	160	0	137	157	353	209	318	164	322
BUR210	BUR	0	217	276	299	322	160	313	137	157	353	209	318	0	322
BUR223	BUR	260	217	276	299	322	160	314	137	157	353	209	319	164	322
BUR241	BUR	242	218	256	295	312	144	298	128	157	0	216	318	148	326
BUR25	BUR	260	218	276	299	322	160	313	137	157	353	209	313	164	322
BUR26	BUR	260	218	276	299	322	160	313	137	157	353	209	0	164	322
BUR27	BUR	236	218	276	299	322	160	313	137	157	353	209	0	164	322
BUR3	BUR	242	218	256	295	312	144	298	128	142	492	216	318	148	326
BUR32	BUR	242	218	256	295	312	144	298	122	157	492	216	318	148	326
BUR35	BUR	260	218	276	299	322	160	313	137	157	353	0	318	164	322
BUR39	BUR	236	218	261	295	312	160	313	128	157	356	211	318	148	322
BUR55	BUR	0	218	276	299	322	160	313	137	157	353	209	0	164	322
BUR71	BUR	260	218	256	299	322	160	313	140	157	359	209	308	164	350
BUR73	BUR	260	218	256	299	322	160	313	140	157	359	209	318	164	350
BUR77	BUR	0	218	256	299	322	160	313	140	157	359	209	313	164	350
BUR78	BUR	260	218	256	299	322	160	313	140	157	353	209	318	164	322
BUR81	BUR	242	218	256	290	312	144	298	128	148	410	216	318	148	326
BUR83	BUR	260	218	256	299	322	160	313	140	157	356	209	308	164	350
BUR84	BUR	0	218	256	299	297	160	313	137	157	0	209	0	164	322
BUR90	BUR	236	218	256	299	322	160	313	140	157	359	209	308	164	350
BUR91	BUR	260	218	256	299	322	160	313	140	157	359	209	313	164	350
BUR96	BUR	0	217	276	299	322	160	313	137	157	359	209	0	164	326
BUR98	BUR	260	212	276	299	322	160	310	137	157	377	190	323	164	326
FREIBRUM1	FRB	254	224	256	295	312	160	295	128	145	356	216	318	152	322
FREIBRUM10	FRB	260	218	266	0	317	136	295	137	157	377	204	313	152	326
FREIBRUM11	FRB	254	224	256	295	312	160	295	128	145	356	216	318	152	318
FREIBRUM12	FRB	254	218	266	294	317	136	295	137	157	377	204	313	152	326
FREIBRUM13	FRB	254	218	266	295	317	136	295	137	157	377	204	313	156	326
FREIBRUM14	FRB	260	218	266	294	317	136	295	137	157	401	208	313	152	326
FREIBRUM15	FRB	254	218	266	0	317	136	295	137	157	383	0	313	152	318
FREIBRUM17	FRB	0	218	266	290	317	136	295	137	157	0	204	0	152	330
FREIBRUM18	FRB	260	230	266	294	317	136	295	137	157	0	209	313	152	326
FREIBRUM19	FRB	0	218	266	294	317	136	295	137	157	0	204	313	152	326
FREIBRUM20	FRB	254	218	266	0	317	136	295	137	157	377	204	313	152	326
FREIBRUM3	FRB	254	218	256	295	312	160	295	122	157	356	216	308	148	322
FREIBRUM7	FRB	260	230	266	294	317	136	304	137	157	401	204	313	152	326
FREIBRUM9	FRB	254	218	266	0	317	136	295	137	157	0	204	0	152	326
FREI1	FRE	254	230	266	294	317	136	304	137	157	401	204	313	152	326
FREI10	FRE	254	236	261	295	312	144	295	128	157	389	216	300	152	322
FREI101	FRE	0	230	266	0	317	136	304	137	157	401	204	313	152	326
FREI118	FRE	254	230	266	294	317	136	304	137	157	401	204	0	152	326
FREI122	FRE	0	230	266	0	317	136	304	137	157	401	204	0	152	326
FREI123	FRE	0	230	266	294	317	136	304	137	157	401	204	0	152	326
FREI136	FRE	0	230	266	294	317	136	304	137	157	401	204	313	152	326
FREI146	FRE	0	230	266	0	317	136	0	137	157	401	204	0	152	326
FREI184	FRE	242	230	266	0	317	136	304	137	157	401	204	0	152	326
FREI240	FRE	236	218	261	280	312	164	298	128	157	356	211	313	148	326
FREI241	FRE	248	230	266	0	317	136	304	137	157	401	204	0	152	326
FREI26	FRE	254	230	266	0	317	136	304	137	157	401	204	313	152	326
FREI28	FRE	254	236	261	295	312	144	295	128	157	353	216	300	152	322
FREI37	FRE	0	236	261	295	312	144	295	128	157	389	216	300	152	322
FREI4	FRE	254	236	261	295	312	144	295	128	157	389	216	0	152	322
FREI50	FRE	254	230	266	0	317	136	304	137	157	401	0	318	152	326
FREI54	FRE	254	218	256	295	312	160	295	122	157	356	216	308	148	322
FREI59	FRE	254	230	266	294	317	136	304	137	157	401	204	318	152	326
FREI62	FRE	236	230	266	0	317	136	304	137	157	401	204	313	152	326
FREI65	FRE	0	230	266	294	317	136	304	137	157	0	204	313	152	326
FREI69	FRE	254	230	266	0	317	136	0	137	157	0	204	318	152	326
FREI70	FRE	0	230	266	294	317	136	304	137	157	0	204	318	152	326
FREI73	FRE	254	230	266	294	317	136	322	137	157	353	211	0	152	326
FREI76	FRE	236	230	266	294	317	136	304	137	157	0	204	0	152	326
FREI79	FRE	0	230	266	295	317	136	304	137	157	0	204	318	152	326
FREI89	FRE	236	230	266	0	317	136	304	137	157	401	204	0	152	326
FRIC1	FRI	236	218	261	295	312	160	298	128	157	359	211	313	148	322
FRIC10	FRI	236	236	256	295	312	160	298	128	175	389	216	308	148	326
FRIC103	FRI	236	236	261	280	312	160	298	128	157	389	211	308	148	322
FRIC128	FRI	236	218	261	295	312	160	298	128	142	359	216	313	148	322
FRIC13	FRI	236	236	256	295	312	160	298	128	175	389	216	318	148	326
FRIC21	FRI	0	236	256	295	312	160	298	128	175	389	216	0	148	326
FRIC28	FRI	0	236	256	295	312	160	298	128	175	389	211	308	148	326
FRIC30	FRI	236	236	256	295	312	160	298	128	175	389	216	313	148	326
FRIC39	FRI	236	218	256	280	312	160	298	128	142	359	211	308	148	326
FRIC42	FRI	236	218	256	295	312	160	298	128	175	359	216	308	148	326
FRIC58	FRI	254	218	256	290	312	144	295	128	142	356	216	318	148	322
FRIC59	FRI	260	230	266	0	317	140	295	137	157	401	209	313	152	326
FRIC60	FRI	260	230	266	294	317	140	295	137	157	401	209	313	152	326
FRIC73	FRI	0	236	256	295	312	160	0	128	175	0	216	308	148	326
FRIC8	FRI	0	236	256	295	312	160	298	128	175	389	216	308	148	326
FRIC80	FRI	260	236	266	294	317	136	304	137	157	401	204	313	152	342
GEN005	GEN	242	218	256	290	312	144	298	122	142	359	216	300	148	322
GEN001	GEN	242	236	261	290	312	144	298	128	145	359	211	308	148	322
KON1	KON	260	218	261	290	312	144	301	128	142	353	216	308	148	326
KON10	KON	236	218	261	290	312	144	301	128	142	353	216	308	148	326
KON100	KON	236	218	261	280	312	144	301	128	145	353	216	308	148	326
KON101	KON	0	224	261	290	312	144	298	128	145	353	216	308	152	326
KON102	KON	236	218	261	290	312	144	301	128	145	353	216	308	148	326
KON103	KON	0	218	261	280	312	144	298	128	145	353	216	308	148	326
KON104	KON	0	218	261	280	312	144	301	128	145	353	216	308	148	326
KON106	KON	0	218	261	290	312	144	298	128	178	353	216	0	148	326
KON108	KON	0	224	261	290	312	144	298	128	145	353	216	0	152	326
KON11	KON	242	218	261	290	312	140	298	128	145	353	216	308	148	322
KON110	KON	0	218	261	290	312	140	298	128	145	0	216	0	152	0
KON112	KON	0	218	0	290	312	144	298	128	145	353	216	0	152	326
KON114	KON	0	218	261	290	312	144	298	128	145	353	216	308	152	326
KON115	KON	0	218	261	290	312	144	298	128	145	353	216	0	152	326
KON117	KON	0	218	261	290	312	144	301	128	142	353	216	308	148	326
KON118	KON	236	218	261	290	312	144	301	128	142	353	216	0	148	326
KON124	KON	0	218	261	290	312	144	301	122	145	353	216	0	148	326
KON125	KON	242	218	261	290	312	144	298	128	178	353	216	308	148	322
KON127	KON	248	218	261	280	312	144	298	128	145	353	216	308	148	326
KON129	KON	236	218	256	290	312	144	295	128	145	359	216	318	148	326
KON131	KON	0	218	261	280	312	144	301	128	142	359	216	308	148	326
KON135	KON	236	224	261	290	312	140	301	128	145	353	216	308	148	326
KON14	KON	236	224	261	290	312	144	301	128	145	353	216	308	148	326
KON143	KON	0	218	261	290	312	144	301	128	142	353	216	0	148	326
KON15	KON	242	224	261	290	312	144	298	128	145	353	216	308	148	326
KON153	KON	236	218	261	290	312	144	301	122	145	353	216	308	148	326
KON159	KON	236	218	261	290	312	144	301	128	145	353	211	308	148	326
KON163	KON	0	218	261	290	312	144	301	128	145	353	211	308	148	326
KON166	KON	236	218	261	290	312	144	301	128	178	353	216	308	148	326
KON170	KON	0	218	261	280	312	140	298	128	178	353	216	300	148	322
KON18	KON	236	224	261	290	312	144	298	128	145	353	216	308	152	326
KON181	KON	254	218	261	280	312	140	298	128	178	353	216	300	148	322
KON188	KON	248	218	261	290	312	144	298	128	145	353	216	308	152	326
KON19	KON	242	224	261	290	312	144	298	128	145	353	216	308	152	326
KON192	KON	0	218	261	280	312	144	298	128	145	353	216	0	148	326
KON199	KON	242	218	261	290	312	144	298	128	145	353	216	308	148	322
KON2	KON	233	218	261	290	312	144	322	128	142	353	216	0	148	326
KON200	KON	236	218	261	290	312	140	298	128	145	359	216	308	152	322
KON241	KON	242	224	261	290	312	144	298	128	145	353	216	308	148	322
KON29	KON	0	224	261	280	312	144	298	128	178	353	216	0	152	322
KON4	KON	236	218	261	280	312	144	301	128	142	353	216	308	148	326
KON45	KON	0	224	261	290	312	144	298	128	145	353	216	0	152	0
KON5	KON	236	218	261	290	312	144	301	128	142	0	216	0	148	326
KON50	KON	0	224	261	290	312	144	301	128	145	353	216	0	148	326
KON66	KON	0	218	261	290	0	144	0	128	142	353	216	0	148	326
KON7	KON	236	212	256	290	302	144	301	128	172	0	0	308	144	314
KON73	KON	0	218	261	280	312	144	301	128	145	353	216	0	148	326
KON80	KON	0	218	261	290	312	144	0	128	142	353	216	0	148	326
KON98	KON	236	218	261	290	312	144	298	128	145	353	216	308	148	326
NEUCH1	NEU	302	218	261	280	312	144	298	128	178	353	211	318	148	326
NEUCH10	NEU	248	218	261	280	312	144	298	128	178	353	211	318	148	326
NEUCH11	NEU	248	218	261	280	312	144	298	128	178	353	204	318	148	326
NEUCH12	NEU	236	218	261	280	312	140	298	122	178	353	211	318	148	326
NEUCH14	NEU	0	218	261	280	312	144	298	128	178	353	211	318	148	326
NEUCH26	NEU	242	218	256	290	312	140	295	128	145	356	211	318	148	326
NEUCH3	NEU	247	218	261	280	312	144	298	0	178	0	211	0	148	322
NEUCH4	NEU	248	218	261	280	312	140	298	128	178	353	211	318	148	326
NEUCH47	NEU	248	218	261	290	312	144	298	128	178	353	216	318	148	326
NEUCH7	NEU	0	218	261	0	312	144	298	128	178	353	211	318	148	326
NEUCH9	NEU	236	218	261	280	312	140	298	122	178	0	211	318	148	326
RIETH1	RIE	236	218	261	290	312	144	298	128	178	356	216	318	148	326
RIETH10	RIE	242	218	261	290	312	144	292	128	178	356	211	313	148	326
RIETH11	RIE	242	224	261	280	312	160	295	128	178	383	211	308	148	326
RIETH12	RIE	242	218	261	290	312	164	292	128	157	356	211	313	148	326
RIETH13	RIE	236	224	261	290	312	140	298	128	145	389	211	313	148	326
RIETH14	RIE	236	218	261	295	312	140	292	122	145	356	211	313	148	326
RIETH15	RIE	242	236	261	295	312	140	298	128	145	356	211	308	148	326
RIETH16	RIE	248	224	261	280	312	160	295	128	178	383	211	308	148	326
RIETH17	RIE	236	218	261	290	312	144	292	122	178	389	211	313	148	326
RIETH18	RIE	236	224	261	295	312	140	292	122	145	392	211	313	148	326
RIETH19	RIE	242	236	256	280	312	160	298	128	178	356	211	313	148	326
RIETH2	RIE	242	218	261	295	312	144	298	122	145	359	211	318	148	326
RIETH24	RIE	242	218	261	290	312	140	292	122	145	392	211	313	148	326
RIETH25	RIE	248	218	261	290	312	164	292	128	157	356	211	313	148	326
RIETH26	RIE	236	218	261	280	312	160	292	122	178	359	211	308	148	326
RIETH27	RIE	236	218	261	290	312	140	292	122	178	392	211	313	148	326
RIETH28	RIE	242	218	261	295	312	144	292	122	163	359	211	313	148	326
RIETH29	RIE	236	218	261	290	312	140	292	122	145	392	216	313	148	326
RIETH3	RIE	242	236	261	280	312	144	298	122	142	389	211	313	148	326
RIETH30	RIE	242	218	261	290	312	160	313	128	178	392	211	308	148	322
RIETH36	RIE	236	218	261	290	312	140	292	128	145	356	211	313	148	326
RIETH38	RIE	236	224	261	295	312	140	292	122	142	392	211	313	148	326
RIETH39	RIE	242	236	256	290	312	160	292	128	145	356	211	308	148	322
RIETH4	RIE	242	218	261	280	312	160	298	128	178	356	216	313	148	326
RIETH40	RIE	236	224	261	280	312	164	298	128	145	353	216	308	148	326
RIETH41	RIE	242	218	261	290	312	140	292	122	145	353	211	313	148	326
RIETH44	RIE	248	218	261	290	312	164	292	128	157	356	211	313	144	326
RIETH45	RIE	236	218	261	290	312	140	292	122	145	392	211	313	148	326
RIETH46	RIE	0	218	261	280	312	160	298	128	178	356	216	313	144	326
RIETH48	RIE	242	218	256	290	312	164	298	122	157	392	211	313	148	326
RIETH49	RIE	0	218	256	280	312	144	298	128	145	353	216	308	148	322
RIETH51	RIE	236	218	261	290	312	140	292	122	142	392	211	318	148	326
RIETH53	RIE	248	218	261	295	312	144	298	128	175	359	211	300	148	326
RIETH54	RIE	236	224	261	280	312	160	295	128	178	383	211	308	148	326
RIETH59	RIE	236	218	256	295	312	140	292	122	142	353	211	313	148	326
RIETH6	RIE	242	218	261	280	312	144	298	122	145	356	216	313	148	326
RIETH62	RIE	242	224	256	290	312	144	295	128	145	353	211	313	148	326
RIETH63	RIE	236	218	261	290	312	144	292	128	157	356	211	0	148	326
RIETH64	RIE	236	218	261	290	312	140	292	122	178	389	211	318	148	326
RIETH65	RIE	248	218	256	295	312	144	298	128	178	359	211	313	148	326
RIETH66	RIE	0	218	261	290	312	144	292	128	178	356	211	0	148	326
RIETH67	RIE	242	218	261	295	312	144	292	122	163	356	211	313	148	326
RIETH8	RIE	242	218	261	295	312	160	298	122	142	392	211	313	148	326
RIETH9	RIE	242	218	261	0	312	144	292	128	178	356	211	313	148	326
SCHLIDR1	SCD	254	218	261	295	312	144	298	122	157	389	211	308	148	322
SCHLIDR10	SCD	236	218	256	290	312	160	298	122	145	359	211	308	148	326
SCHLIDR105	SCD	236	224	261	295	312	160	298	128	178	353	211	308	148	322
SCHLIDR107	SCD	254	218	261	290	312	144	298	122	178	0	211	318	152	322
SCHLIDR109	SCD	254	218	256	290	312	160	298	122	178	353	216	313	148	322
SCHLIDR11	SCD	242	218	256	290	312	160	298	122	145	359	211	308	148	326
SCHLIDR12	SCD	254	218	256	295	312	144	298	122	157	389	211	308	148	322
SCHLIDR121	SCD	254	218	261	290	312	160	298	122	178	353	211	313	152	326
SCHLIDR13	SCD	254	218	261	290	312	144	298	122	157	353	211	313	144	322
SCHLIDR14	SCD	254	218	261	295	312	144	298	122	157	389	216	308	148	322
SCHLIDR15	SCD	254	218	261	290	312	160	298	122	178	353	211	313	152	322
SCHLIDR16	SCD	242	218	256	290	312	160	298	122	145	389	211	308	148	326
SCHLIDR17	SCD	242	218	261	290	312	144	298	122	157	359	211	318	144	322
SCHLIDR19	SCD	242	218	256	290	312	160	298	122	157	359	211	308	148	322
SCHLIDR2	SCD	254	218	261	295	312	144	298	122	157	356	211	318	148	322
SCHLIDR20	SCD	254	218	256	290	312	160	298	122	145	389	211	308	148	326
SCHLIDR21	SCD	254	218	261	295	312	144	298	122	157	353	211	318	148	322
SCHLIDR22	SCD	0	218	256	290	312	160	298	122	178	359	216	313	148	322
SCHLIDR23	SCD	242	218	256	290	312	160	298	122	178	389	211	308	148	326
SCHLIDR24	SCD	254	218	261	295	312	144	298	122	157	389	211	308	144	322
SCHLIDR25	SCD	242	218	256	295	312	160	298	122	142	389	211	308	144	326
SCHLIDR26	SCD	242	218	256	290	312	160	298	122	178	353	216	308	148	322
SCHLIDR27	SCD	254	218	256	290	312	160	298	122	178	353	211	313	144	326
SCHLIDR29	SCD	0	218	261	295	312	144	298	122	157	389	211	308	148	322
SCHLIDR3	SCD	254	218	261	295	312	144	298	122	157	389	211	308	148	314
SCHLIDR30	SCD	254	218	256	290	312	160	298	122	178	353	211	308	148	322
SCHLIDR31	SCD	0	218	256	290	312	144	295	122	142	389	216	308	148	322
SCHLIDR32	SCD	0	218	256	290	312	160	298	122	145	359	211	308	148	322
SCHLIDR33	SCD	236	218	261	295	312	144	298	122	157	389	211	313	148	322
SCHLIDR34	SCD	254	218	261	290	312	160	298	122	142	353	216	308	148	326
SCHLIDR35	SCD	242	218	256	290	312	160	298	122	142	359	211	308	148	326
SCHLIDR36	SCD	0	218	256	295	312	144	298	122	157	389	211	308	148	322
SCHLIDR37	SCD	254	218	261	290	312	160	298	122	178	353	211	313	148	326
SCHLIDR38	SCD	236	218	261	295	312	144	298	122	157	389	211	308	148	322
SCHLIDR4	SCD	0	218	261	295	312	144	298	122	157	389	211	0	148	322
SCHLIDR44	SCD	254	218	261	295	312	144	298	122	157	0	211	318	148	322
SCHLIDR45	SCD	254	218	261	295	312	144	298	122	157	389	211	318	148	322
SCHLIDR47	SCD	0	218	261	0	312	160	0	122	178	353	211	0	152	326
SCHLIDR48	SCD	0	218	261	290	312	160	298	122	178	353	211	313	152	326
SCHLIDR5	SCD	254	218	261	295	312	144	0	122	157	389	0	318	148	322
SCHLIDR50	SCD	254	218	256	295	312	144	298	122	145	386	211	308	148	322
SCHLIDR53	SCD	236	218	261	295	312	144	298	122	157	389	211	318	148	322
SCHLIDR54	SCD	254	218	261	295	312	144	298	122	157	0	211	0	148	322
SCHLIDR58	SCD	236	218	261	0	312	144	298	122	157	0	211	0	148	314
SCHLIDR6	SCD	254	218	256	295	312	144	298	122	157	359	211	313	148	322
SCHLIDR60	SCD	254	218	256	0	312	160	298	122	178	0	216	0	148	322
SCHLIDR63	SCD	0	218	261	290	312	144	298	122	157	389	211	0	148	322
SCHLIDR64	SCD	0	218	261	295	312	144	298	122	157	0	0	318	148	322
SCHLIDR65	SCD	254	218	261	290	312	160	0	122	178	353	211	0	152	326
SCHLIDR67	SCD	242	218	256	295	312	160	298	122	142	389	211	308	148	326
SCHLIDR68	SCD	254	218	261	290	312	144	298	122	157	353	211	318	152	326
SCHLIDR69	SCD	254	218	256	290	312	160	298	122	142	389	211	308	148	326
SCHLIDR7	SCD	254	218	256	295	312	160	298	122	145	389	211	308	148	322
SCHLIDR70	SCD	242	218	261	295	312	144	298	122	157	389	211	308	148	322
SCHLIDR71	SCD	242	218	256	290	312	160	298	122	142	389	211	308	148	326
SCHLIDR72	SCD	230	218	261	295	312	144	298	122	157	389	211	308	148	322
SCHLIDR75	SCD	0	218	261	295	312	144	298	122	157	0	211	318	148	322
SCHLIDR8	SCD	254	218	261	290	312	160	298	122	157	353	211	313	152	326
SCHLI1	SCG	242	218	256	290	312	164	298	122	142	359	216	308	152	322
SCHLI10	SCG	254	218	256	290	312	144	298	122	157	359	211	318	152	322
SCHLI100	SCG	254	218	256	290	312	144	298	122	157	0	211	318	152	322
SCHLI3	SCG	242	218	256	290	312	160	298	122	178	353	211	308	152	322
SCHLI4	SCG	242	218	256	290	312	160	298	128	145	353	211	308	152	322
SCHLI89	SCG	0	218	256	290	312	144	298	122	157	359	211	318	152	322
SCHLI9	SCG	254	218	256	290	312	144	298	122	157	359	211	318	152	326
SCHLI90	SCG	0	218	256	290	312	144	0	122	157	359	211	0	152	322
SCHLI93	SCG	254	218	261	290	312	144	304	122	178	0	211	318	152	322
SCHLI94	SCG	254	218	261	285	312	144	304	122	178	0	211	0	144	322
SCHLI96	SCG	254	218	261	290	312	140	298	122	157	359	216	318	152	322
SCHLI97	SCG	0	218	256	290	312	144	298	122	157	359	211	0	152	322
SCHLI98	SCG	0	218	256	290	312	144	298	122	157	0	211	318	152	322
SCHLI99	SCG	0	218	256	0	307	144	298	122	157	0	211	318	152	322
SCHLIGR10	SCL	254	218	261	290	312	144	298	122	178	401	211	318	152	322
SCHLIGR100	SCL	254	218	261	290	312	144	298	122	178	0	211	318	152	322
SCHLIGR102	SCL	254	218	261	290	312	144	298	122	178	359	211	318	152	322
SCHLIGR103	SCL	254	218	261	290	312	144	298	122	178	356	211	318	152	322
SCHLIGR105	SCL	0	218	261	290	312	144	298	122	178	0	211	318	152	322
SCHLIGR108	SCL	0	218	261	290	312	144	298	122	178	0	211	0	152	322
SCHLIGR109	SCL	236	218	261	290	312	144	298	122	178	389	211	318	152	322
SCHLIGR114	SCL	236	230	261	290	317	144	298	122	154	389	211	318	152	334
SCHLIGR116	SCL	236	218	261	290	312	144	298	122	178	0	211	318	152	322
SCHLIGR12	SCL	254	218	261	290	312	144	298	122	178	359	211	308	152	322
SCHLIGR126	SCL	254	218	261	290	312	144	298	122	178	353	211	318	152	322
SCHLIGR127	SCL	242	218	256	290	312	160	298	128	145	353	211	308	152	322
SCHLIGR13	SCL	0	218	261	290	312	144	298	122	178	356	211	318	152	322
SCHLIGR132	SCL	242	218	256	290	312	160	298	128	144	353	211	308	152	322
SCHLIGR14	SCL	0	218	261	290	312	144	298	122	178	377	211	318	152	326
SCHLIGR15	SCL	254	218	261	0	312	160	298	122	157	0	211	318	152	322
SCHLIGR16	SCL	0	218	261	290	312	160	298	122	178	0	0	0	152	322
SCHLIGR18	SCL	254	218	261	290	312	144	298	122	178	371	211	318	152	322
SCHLIGR19	SCL	248	218	261	290	312	144	298	122	178	353	211	308	152	322
SCHLIGR20	SCL	254	218	256	290	312	144	298	122	178	0	211	318	152	322
SCHLIGR21	SCL	248	218	261	290	312	144	298	128	178	353	211	308	148	322
SCHLIGR22	SCL	242	218	256	295	312	160	298	128	178	389	211	308	152	322
SCHLIGR23	SCL	242	218	256	295	312	160	298	128	178	389	211	308	148	322
SCHLIGR24	SCL	254	218	261	290	312	144	298	122	178	353	211	308	152	322
SCHLIGR25	SCL	236	218	261	290	312	144	298	122	178	353	211	308	148	322
SCHLIGR251	SCL	0	218	261	290	312	144	298	122	178	0	211	308	152	322
SCHLIGR26	SCL	0	218	261	290	312	144	298	122	178	383	211	318	152	322
SCHLIGR27	SCL	242	218	261	290	312	144	298	122	178	353	211	308	152	322
SCHLIGR270	SCL	254	218	261	290	312	144	298	122	178	425	211	318	152	322
SCHLIGR28	SCL	248	218	256	290	312	144	298	128	178	383	211	318	148	322
SCHLIGR280	SCL	0	218	261	0	312	144	298	122	178	0	211	0	152	322
SCHLIGR29	SCL	242	218	261	290	312	144	298	122	178	359	211	318	148	322
SCHLIGR298	SCL	0	218	261	290	0	144	298	122	178	0	211	0	152	322
SCHLIGR3	SCL	254	218	261	290	312	160	298	122	178	356	211	300	152	322
SCHLIGR31	SCL	254	218	261	290	312	144	298	122	175	353	211	318	152	322
SCHLIGR320	SCL	254	218	261	290	312	144	298	122	178	0	211	0	152	322
SCHLIGR33	SCL	254	218	261	290	312	144	298	122	178	386	211	318	152	322
SCHLIGR34	SCL	248	218	261	290	312	144	298	122	178	371	211	318	152	322
SCHLIGR35	SCL	248	218	261	290	312	144	298	122	181	359	211	313	152	326
SCHLIGR352	SCL	254	218	256	290	312	160	298	128	145	353	211	323	152	322
SCHLIGR354	SCL	254	218	256	290	312	160	298	122	178	353	211	323	152	322
SCHLIGR37	SCL	254	218	261	0	312	144	298	122	178	356	211	318	152	322
SCHLIGR38	SCL	242	218	261	290	312	144	298	122	157	353	211	308	148	322
SCHLIGR4	SCL	254	218	256	290	312	144	298	122	178	359	211	318	152	322
SCHLIGR40	SCL	248	218	261	290	312	160	298	122	178	359	211	308	152	322
SCHLIGR41	SCL	254	218	256	290	312	144	298	122	178	359	211	0	152	322
SCHLIGR42	SCL	0	218	261	299	312	144	298	122	178	362	211	318	152	322
SCHLIGR43	SCL	254	218	261	290	312	144	0	122	178	0	211	0	152	322
SCHLIGR44	SCL	236	218	261	290	312	144	298	128	148	362	211	318	152	322
SCHLIGR45	SCL	236	218	261	290	312	144	319	122	175	0	0	335	144	326
SCHLIGR46	SCL	254	218	261	290	312	144	298	122	178	359	211	318	148	322
SCHLIGR47	SCL	254	218	261	290	312	0	298	122	178	0	211	318	152	322
SCHLIGR50	SCL	248	218	261	290	312	144	298	122	178	353	211	318	152	322
SCHLIGR52	SCL	242	218	261	290	312	144	298	122	178	0	211	318	152	322
SCHLIGR56	SCL	254	218	261	290	312	144	298	122	157	0	211	318	152	322
SCHLIGR63	SCL	254	218	261	290	312	140	298	128	157	359	211	318	152	322
SCHLIGR67	SCL	254	218	261	290	312	140	298	122	157	359	216	318	152	322
SCHLIGR7	SCL	254	218	261	290	312	144	298	122	178	359	211	313	152	322
SCHLIGR71	SCL	254	218	261	290	312	144	298	122	178	359	211	0	152	322
SCHLIGR88	SCL	236	218	261	290	312	144	298	122	178	359	211	318	152	322
SCHLIGR89	SCL	0	218	261	290	312	144	298	122	178	359	211	0	152	322
SCHLIGR9	SCL	0	218	261	290	312	144	298	122	178	353	211	0	152	322
SCHLIGR91	SCL	254	218	261	290	312	144	298	122	178	398	211	318	152	322
SCHLIGR93	SCL	254	218	261	295	312	144	298	122	157	389	211	308	148	322
SCHLIGR98	SCL	254	218	261	290	312	144	298	122	178	377	211	318	152	322
SCHIF1	SCS	236	218	256	290	312	140	298	128	142	359	216	308	148	322
SCHIF10	SCS	0	218	256	290	312	140	298	128	142	0	209	0	144	322
SCHIF24	SCS	236	218	256	290	312	140	298	128	142	359	216	308	156	322
SCHIF25	SCS	242	218	261	295	312	160	295	128	157	389	216	308	148	322
SCHIF26	SCS	248	218	261	290	312	160	0	128	157	389	216	308	152	322
SCHIF3	SCS	242	224	256	290	312	144	298	128	142	476	216	318	148	322
SCHIF31	SCS	0	224	256	290	312	144	298	128	145	476	216	318	152	326
SCHIF43	SCS	0	218	256	290	312	140	298	128	142	359	216	308	148	322
SCHIF7	SCS	236	218	256	290	312	140	298	128	142	359	216	308	140	322
SCHIF8	SCS	236	218	256	290	312	140	298	128	142	359	216	283	148	322
SCHIF9	SCS	236	218	256	290	312	140	298	128	142	359	0	308	148	322
TROSS1	TRO	248	218	256	280	312	144	292	128	142	353	211	318	140	326
TROSS10	TRO	248	236	256	280	312	164	298	128	142	353	211	318	148	322
TROSS11	TRO	248	218	256	280	312	144	292	128	142	353	211	318	148	326
TROSS12	TRO	242	218	256	280	312	144	292	128	142	353	211	318	148	326
TROSS19	TRO	248	236	256	280	312	164	298	128	142	353	211	318	140	322
TROSS28	TRO	248	236	256	295	312	164	292	128	157	353	211	308	148	322
TROSS31	TRO	0	236	256	280	312	164	298	128	142	353	211	318	148	322
TROSS33	TRO	0	218	256	280	312	144	0	128	142	353	211	0	148	326
TROSS5	TRO	0	218	256	280	312	144	292	128	142	353	211	318	148	326
UEBERL1	UEB	242	218	261	288	312	144	298	128	178	383	241	308	148	326
UEBERL100	UEB	242	236	256	295	312	144	298	128	178	383	211	308	148	322
UEBERL101	UEB	0	236	256	295	312	144	298	128	178	0	241	308	148	322
UEBERL102	UEB	242	236	256	295	312	144	298	128	178	383	241	308	148	322
UEBERL105	UEB	242	236	256	288	312	144	298	128	178	383	211	308	148	322
UEBERL106	UEB	0	236	256	295	312	144	0	128	178	0	241	308	148	322
UEBERL11	UEB	242	236	256	280	312	144	298	128	178	383	211	308	148	322
UEBERL110	UEB	242	236	256	295	312	144	298	128	178	383	241	313	148	322
UEBERL113	UEB	242	236	261	288	312	144	0	128	178	383	211	308	148	326
UEBERL114	UEB	0	236	261	295	312	144	298	128	178	383	231	0	148	322
UEBERL115	UEB	242	236	256	295	312	144	298	128	178	383	211	318	148	322
UEBERL116	UEB	242	236	256	295	312	144	298	128	178	383	0	308	148	322
UEBERL12	UEB	242	236	256	295	312	144	298	128	178	383	211	308	148	326
UEBERL126	UEB	242	236	261	295	312	144	298	128	178	383	211	308	148	326
UEBERL13	UEB	242	236	256	280	312	160	298	128	178	383	211	308	148	322
UEBERL133	UEB	242	236	261	280	312	144	298	128	178	383	211	308	148	322
UEBERL138	UEB	242	236	261	288	312	144	298	128	178	383	211	308	148	322
UEBERL14	UEB	242	236	261	295	312	144	298	128	178	383	211	308	148	322
UEBERL143	UEB	242	236	261	288	312	144	298	128	178	383	211	308	148	326
UEBERL149	UEB	242	236	256	288	312	144	298	128	145	383	211	308	148	326
UEBERL16	UEB	242	236	256	295	312	144	298	128	178	383	241	318	148	326
UEBERL179	UEB	242	236	261	288	312	144	298	128	178	383	241	308	148	322
UEBERL182	UEB	0	218	261	288	0	144	298	128	178	383	241	0	148	326
UEBERL183	UEB	0	236	261	288	0	144	298	128	178	383	211	0	148	326
UEBERL184	UEB	0	236	256	280	0	160	298	128	141	383	211	0	148	322
UEBERL185	UEB	0	236	261	280	0	144	298	128	178	383	211	0	148	322
UEBERL186	UEB	0	236	256	295	0	144	298	128	178	383	211	0	148	326
UEBERL187	UEB	0	236	256	295	0	144	298	128	178	383	241	0	148	322
UEBERL189	UEB	0	236	256	288	0	144	298	128	145	383	211	0	148	326
UEBERL19	UEB	0	236	256	295	312	144	298	128	157	389	211	308	148	330
UEBERL191	UEB	0	236	256	280	0	160	298	128	141	359	211	0	148	322
UEBERL199	UEB	0	236	256	288	0	144	298	128	178	383	211	0	148	326
UEBERL2	UEB	236	236	256	295	312	144	298	128	178	383	211	308	148	322
UEBERL202	UEB	0	236	256	295	0	144	298	128	178	383	211	0	148	322
UEBERL27	UEB	0	236	256	288	312	144	298	128	178	383	211	308	148	326
UEBERL3	UEB	236	236	261	0	312	144	295	128	142	359	211	308	148	322
UEBERL32	UEB	242	236	256	288	312	144	298	128	145	383	211	318	148	326
UEBERL34	UEB	236	218	261	280	312	140	292	128	145	383	216	308	148	326
UEBERL37	UEB	236	236	256	0	312	144	0	128	178	0	241	0	148	322
UEBERL4	UEB	242	236	251	295	312	144	298	128	178	383	211	308	148	318
UEBERL40	UEB	0	236	256	295	312	144	298	128	175	383	241	308	148	322
UEBERL42	UEB	242	230	256	295	312	144	298	128	175	383	211	308	148	322
UEBERL44	UEB	236	236	256	295	312	144	298	128	178	383	241	308	148	322
UEBERL45	UEB	0	236	256	295	312	144	298	128	178	383	241	308	148	322
UEBERL46	UEB	236	236	256	0	312	144	0	128	178	0	0	318	148	322
UEBERL48	UEB	242	236	256	295	312	144	298	128	175	383	211	308	148	322
UEBERL49	UEB	236	236	256	0	312	144	0	128	178	0	0	308	148	322
UEBERL51	UEB	230	236	256	295	312	144	298	128	178	0	211	0	148	322
UEBERL56	UEB	236	236	256	295	312	144	298	128	178	383	211	318	148	322
UEBERL60	UEB	0	236	256	295	312	144	298	128	178	383	241	318	148	322
UEBERL61	UEB	242	236	256	288	312	144	298	128	178	383	211	308	148	326
UEBERL65	UEB	0	236	256	295	312	144	298	128	178	383	211	0	148	322
UEBERL66	UEB	236	236	261	280	312	144	298	128	178	383	211	308	148	326
UEBERL72	UEB	236	236	256	295	312	144	298	128	178	383	216	0	148	322
UEBERL73	UEB	0	236	256	295	312	144	298	128	178	383	211	308	144	322
UEBERL80	UEB	0	236	256	295	312	144	298	128	178	0	211	308	148	322
UEBERL82	UEB	236	236	256	280	312	144	298	128	178	383	211	308	148	322
UEBERL86	UEB	230	236	256	295	312	144	322	128	178	0	211	318	148	322
UEBERL87	UEB	242	218	256	288	312	144	298	128	178	383	211	308	144	326
UEBERL90	UEB	0	236	256	295	312	144	298	128	178	0	241	0	148	322
UEBERL94	UEB	236	236	256	0	312	144	298	0	178	0	211	0	148	322
UEBERL96	UEB	0	236	256	288	312	144	298	128	145	0	211	308	148	322
UST1	UST	242	218	256	290	312	144	298	122	142	389	216	318	148	326
UST10	UST	242	236	261	295	312	144	298	122	142	356	216	308	140	322
UST11	UST	242	218	261	295	312	164	298	128	142	356	216	318	148	322
UST13	UST	0	218	256	290	312	144	298	128	142	389	216	318	148	322
UST14	UST	0	218	256	290	312	144	298	122	157	389	216	318	152	322
UST15	UST	242	236	261	295	312	144	298	128	142	356	216	308	148	326
UST17	UST	242	236	261	295	312	144	298	128	142	377	211	308	148	326
UST18	UST	242	236	261	295	312	144	298	122	142	356	216	308	148	326
UST19	UST	0	218	261	295	307	144	298	128	142	377	216	0	148	326
UST2	UST	242	218	261	295	312	144	298	128	142	377	216	308	148	326
UST20	UST	242	236	261	0	312	160	298	128	142	377	0	318	148	326
UST21	UST	242	218	256	290	312	144	298	122	142	356	211	318	148	326
UST22	UST	242	236	261	295	312	144	298	128	142	377	216	308	148	326
UST24	UST	236	236	261	280	312	144	298	128	142	356	216	318	148	326
UST25	UST	242	236	261	280	312	160	313	122	175	353	216	313	148	326
UST26	UST	242	236	261	295	312	140	298	128	178	377	211	308	148	322
UST27	UST	242	236	261	280	312	160	313	128	142	353	216	318	148	326
UST28	UST	0	218	256	290	312	144	298	122	157	353	216	318	148	326
UST29	UST	242	218	256	290	312	144	298	122	142	389	216	313	148	326
UST30	UST	242	236	261	295	312	144	298	128	142	356	211	308	148	326
UST32	UST	248	218	261	295	312	160	313	128	142	0	211	308	148	326
UST33	UST	242	218	256	295	312	144	298	122	142	377	211	308	148	326
UST35	UST	242	218	256	290	312	144	0	122	157	0	216	0	152	326
UST37	UST	242	218	261	280	312	144	298	128	178	389	216	318	148	326
UST38	UST	242	218	256	280	312	144	298	128	142	353	216	308	152	322
UST39	UST	242	218	256	295	312	160	298	128	142	389	216	313	152	326
UST40	UST	242	218	256	280	312	144	298	128	178	356	216	313	152	322
UST41	UST	242	236	256	280	312	160	298	128	142	356	216	308	152	326
UST42	UST	242	218	256	290	312	144	298	122	142	356	216	318	148	326
UST8	UST	0	218	256	290	312	144	298	122	142	377	216	318	148	326
WSL001	WSL	236	224	261	295	312	160	298	128	145	353	211	308	148	322
WSL002	WSL	236	224	261	295	312	160	298	128	178	353	211	308	148	322
WSL041	WSL	236	224	261	295	312	160	292	128	178	353	211	318	148	322
WSL241	WSL	242	218	256	290	312	160	298	128	157	335	211	308	152	326
WSL283	WSL	242	218	256	290	312	160	298	128	157	334	211	308	152	326
